(kicad_pcb (version 20171130) (host pcbnew "(5.1.10)-1")

  (general
    (thickness 1.6)
    (drawings 6)
    (tracks 77)
    (zones 0)
    (modules 13)
    (nets 19)
  )

  (page A4)
  (layers
    (0 F.Cu signal)
    (31 B.Cu signal)
    (32 B.Adhes user)
    (33 F.Adhes user)
    (34 B.Paste user)
    (35 F.Paste user)
    (36 B.SilkS user)
    (37 F.SilkS user)
    (38 B.Mask user)
    (39 F.Mask user)
    (40 Dwgs.User user)
    (41 Cmts.User user)
    (42 Eco1.User user)
    (43 Eco2.User user)
    (44 Edge.Cuts user)
    (45 Margin user)
    (46 B.CrtYd user)
    (47 F.CrtYd user)
    (48 B.Fab user)
    (49 F.Fab user)
  )

  (setup
    (last_trace_width 0.4)
    (user_trace_width 0.9)
    (trace_clearance 0.2)
    (zone_clearance 0.508)
    (zone_45_only yes)
    (trace_min 0.2)
    (via_size 0.9)
    (via_drill 0.4)
    (via_min_size 0.4)
    (via_min_drill 0.3)
    (uvia_size 0.3)
    (uvia_drill 0.1)
    (uvias_allowed no)
    (uvia_min_size 0.2)
    (uvia_min_drill 0.1)
    (edge_width 0.05)
    (segment_width 0.2)
    (pcb_text_width 0.3)
    (pcb_text_size 1.5 1.5)
    (mod_edge_width 0.12)
    (mod_text_size 1 1)
    (mod_text_width 0.15)
    (pad_size 1.7 1.7)
    (pad_drill 1)
    (pad_to_mask_clearance 0)
    (aux_axis_origin 0 0)
    (visible_elements 7FFFFFFF)
    (pcbplotparams
      (layerselection 0x010fc_ffffffff)
      (usegerberextensions false)
      (usegerberattributes true)
      (usegerberadvancedattributes true)
      (creategerberjobfile true)
      (excludeedgelayer true)
      (linewidth 0.100000)
      (plotframeref false)
      (viasonmask false)
      (mode 1)
      (useauxorigin false)
      (hpglpennumber 1)
      (hpglpenspeed 20)
      (hpglpendiameter 15.000000)
      (psnegative false)
      (psa4output false)
      (plotreference true)
      (plotvalue true)
      (plotinvisibletext false)
      (padsonsilk false)
      (subtractmaskfromsilk false)
      (outputformat 1)
      (mirror false)
      (drillshape 1)
      (scaleselection 1)
      (outputdirectory ""))
  )

  (net 0 "")
  (net 1 +5V)
  (net 2 GND)
  (net 3 "Net-(C2-Pad1)")
  (net 4 "Net-(J2-Pad2)")
  (net 5 "Net-(Q1-Pad2)")
  (net 6 "Net-(R1-Pad2)")
  (net 7 "Net-(R2-Pad2)")
  (net 8 "Net-(R3-Pad1)")
  (net 9 "Net-(U2-Pad2)")
  (net 10 "Net-(U2-Pad4)")
  (net 11 "Net-(U2-Pad5)")
  (net 12 "Net-(U2-Pad6)")
  (net 13 "Net-(U2-Pad7)")
  (net 14 "Net-(U2-Pad12)")
  (net 15 "Net-(U2-Pad13)")
  (net 16 "Net-(U2-Pad14)")
  (net 17 "Net-(U2-Pad15)")
  (net 18 "Net-(U2-Pad16)")

  (net_class Default "This is the default net class."
    (clearance 0.2)
    (trace_width 0.4)
    (via_dia 0.9)
    (via_drill 0.4)
    (uvia_dia 0.3)
    (uvia_drill 0.1)
    (add_net +5V)
    (add_net GND)
    (add_net "Net-(C2-Pad1)")
    (add_net "Net-(J2-Pad2)")
    (add_net "Net-(Q1-Pad2)")
    (add_net "Net-(R1-Pad2)")
    (add_net "Net-(R2-Pad2)")
    (add_net "Net-(R3-Pad1)")
    (add_net "Net-(U2-Pad12)")
    (add_net "Net-(U2-Pad13)")
    (add_net "Net-(U2-Pad14)")
    (add_net "Net-(U2-Pad15)")
    (add_net "Net-(U2-Pad16)")
    (add_net "Net-(U2-Pad2)")
    (add_net "Net-(U2-Pad4)")
    (add_net "Net-(U2-Pad5)")
    (add_net "Net-(U2-Pad6)")
    (add_net "Net-(U2-Pad7)")
  )

  (module esp8266:ESP-12E_SMD (layer F.Cu) (tedit 63BFFC7B) (tstamp 63B548B7)
    (at 26.375001 34.975001)
    (descr "Module, ESP-8266, ESP-12, 16 pad, SMD")
    (tags "Module ESP-8266 ESP8266")
    (path /63B4B7A1)
    (fp_text reference U2 (at 8.89 6.35 90) (layer F.SilkS)
      (effects (font (size 1 1) (thickness 0.15)))
    )
    (fp_text value ESP-12 (at 5.08 6.35 90) (layer F.Fab) hide
      (effects (font (size 1 1) (thickness 0.15)))
    )
    (fp_line (start -2.25 -0.5) (end -2.25 -8.75) (layer F.CrtYd) (width 0.05))
    (fp_line (start -2.25 -8.75) (end 15.25 -8.75) (layer F.CrtYd) (width 0.05))
    (fp_line (start 15.25 -8.75) (end 16.25 -8.75) (layer F.CrtYd) (width 0.05))
    (fp_line (start 16.25 -8.75) (end 16.25 16) (layer F.CrtYd) (width 0.05))
    (fp_line (start 16.25 16) (end -2.25 16) (layer F.CrtYd) (width 0.05))
    (fp_line (start -2.25 16) (end -2.25 -0.5) (layer F.CrtYd) (width 0.05))
    (fp_line (start -1.016 -8.382) (end 14.986 -8.382) (layer F.CrtYd) (width 0.1524))
    (fp_line (start 14.986 -8.382) (end 14.986 -0.889) (layer F.CrtYd) (width 0.1524))
    (fp_line (start -1.016 -8.382) (end -1.016 -1.016) (layer F.CrtYd) (width 0.1524))
    (fp_line (start -1.016 14.859) (end -1.016 15.621) (layer F.SilkS) (width 0.1524))
    (fp_line (start -1.016 15.621) (end 14.986 15.621) (layer F.SilkS) (width 0.1524))
    (fp_line (start 14.986 15.621) (end 14.986 14.859) (layer F.SilkS) (width 0.1524))
    (fp_line (start 14.992 -8.4) (end -1.008 -2.6) (layer F.CrtYd) (width 0.1524))
    (fp_line (start -1.008 -8.4) (end 14.992 -2.6) (layer F.CrtYd) (width 0.1524))
    (fp_line (start -1.008 -2.6) (end 14.992 -2.6) (layer F.CrtYd) (width 0.1524))
    (fp_line (start 15 -8.4) (end 15 15.6) (layer F.Fab) (width 0.05))
    (fp_line (start 14.992 15.6) (end -1.008 15.6) (layer F.Fab) (width 0.05))
    (fp_line (start -1.008 15.6) (end -1.008 -8.4) (layer F.Fab) (width 0.05))
    (fp_line (start -1.008 -8.4) (end 14.992 -8.4) (layer F.Fab) (width 0.05))
    (fp_text user "No Copper" (at 6.892 -5.4) (layer F.CrtYd)
      (effects (font (size 1 1) (thickness 0.15)))
    )
    (pad 1 smd rect (at 0 0) (size 2.5 1.1) (drill (offset -0.7 0)) (layers F.Cu F.Paste F.Mask)
      (net 7 "Net-(R2-Pad2)"))
    (pad 2 smd rect (at 0 2) (size 2.5 1.1) (drill (offset -0.7 0)) (layers F.Cu F.Paste F.Mask)
      (net 9 "Net-(U2-Pad2)"))
    (pad 3 smd rect (at 0 4) (size 2.5 1.1) (drill (offset -0.7 0)) (layers F.Cu F.Paste F.Mask)
      (net 6 "Net-(R1-Pad2)"))
    (pad 4 smd rect (at 0 6) (size 2.5 1.1) (drill (offset -0.7 0)) (layers F.Cu F.Paste F.Mask)
      (net 10 "Net-(U2-Pad4)"))
    (pad 5 smd rect (at 0 8) (size 2.5 1.1) (drill (offset -0.7 0)) (layers F.Cu F.Paste F.Mask)
      (net 11 "Net-(U2-Pad5)"))
    (pad 6 smd rect (at 0 10) (size 2.5 1.1) (drill (offset -0.7 0)) (layers F.Cu F.Paste F.Mask)
      (net 12 "Net-(U2-Pad6)"))
    (pad 7 smd rect (at 0 12) (size 2.5 1.1) (drill (offset -0.7 0)) (layers F.Cu F.Paste F.Mask)
      (net 13 "Net-(U2-Pad7)"))
    (pad 8 smd rect (at 0 14) (size 2.5 1.1) (drill (offset -0.7 0)) (layers F.Cu F.Paste F.Mask)
      (net 3 "Net-(C2-Pad1)"))
    (pad 9 smd rect (at 14 14) (size 2.5 1.1) (drill (offset 0.7 0)) (layers F.Cu F.Paste F.Mask)
      (net 2 GND))
    (pad 10 smd rect (at 14 12) (size 2.5 1.1) (drill (offset 0.7 0)) (layers F.Cu F.Paste F.Mask)
      (net 8 "Net-(R3-Pad1)"))
    (pad 11 smd rect (at 14 10) (size 2.5 1.1) (drill (offset 0.7 0)) (layers F.Cu F.Paste F.Mask)
      (net 5 "Net-(Q1-Pad2)"))
    (pad 12 smd rect (at 14 8) (size 2.5 1.1) (drill (offset 0.7 0)) (layers F.Cu F.Paste F.Mask)
      (net 14 "Net-(U2-Pad12)"))
    (pad 13 smd rect (at 14 6) (size 2.5 1.1) (drill (offset 0.7 0)) (layers F.Cu F.Paste F.Mask)
      (net 15 "Net-(U2-Pad13)"))
    (pad 14 smd rect (at 14 4) (size 2.5 1.1) (drill (offset 0.7 0)) (layers F.Cu F.Paste F.Mask)
      (net 16 "Net-(U2-Pad14)"))
    (pad 15 smd rect (at 14 2) (size 2.5 1.1) (drill (offset 0.7 0)) (layers F.Cu F.Paste F.Mask)
      (net 17 "Net-(U2-Pad15)"))
    (pad 16 smd rect (at 14 0) (size 2.5 1.1) (drill (offset 0.7 0)) (layers F.Cu F.Paste F.Mask)
      (net 18 "Net-(U2-Pad16)"))
    (pad 17 smd rect (at 1.99 15 90) (size 2.5 1.1) (drill (offset -0.7 0)) (layers F.Cu F.Paste F.Mask))
    (pad 18 smd rect (at 3.99 15 90) (size 2.5 1.1) (drill (offset -0.7 0)) (layers F.Cu F.Paste F.Mask))
    (pad 19 smd rect (at 5.99 15 90) (size 2.5 1.1) (drill (offset -0.7 0)) (layers F.Cu F.Paste F.Mask))
    (pad 20 smd rect (at 7.99 15 90) (size 2.5 1.1) (drill (offset -0.7 0)) (layers F.Cu F.Paste F.Mask))
    (pad 21 smd rect (at 9.99 15 90) (size 2.5 1.1) (drill (offset -0.7 0)) (layers F.Cu F.Paste F.Mask))
    (pad 22 smd rect (at 11.99 15 90) (size 2.5 1.1) (drill (offset -0.7 0)) (layers F.Cu F.Paste F.Mask))
    (model ${KIPRJMOD}/kicad-ESP8266/ESP8266.3dshapes/ESP-12-E-better.wrl
      (at (xyz 0 0 0))
      (scale (xyz 1 1 1))
      (rotate (xyz 0 0 0))
    )
  )

  (module Connector_PinHeader_2.54mm:PinHeader_1x03_P2.54mm_Horizontal (layer B.Cu) (tedit 63BEDDBD) (tstamp 63BF14FD)
    (at 42 68.5 90)
    (descr "Through hole angled pin header, 1x03, 2.54mm pitch, 6mm pin length, single row")
    (tags "Through hole angled pin header THT 1x03 2.54mm single row")
    (path /63B65C9C)
    (fp_text reference J2 (at -4.485 2.27 -90) (layer B.SilkS)
      (effects (font (size 1 1) (thickness 0.15)) (justify mirror))
    )
    (fp_text value Conn_01x03_Female (at -4.6 -7.8 -90) (layer B.Fab)
      (effects (font (size 1 1) (thickness 0.15)) (justify mirror))
    )
    (fp_line (start -10.65 1.8) (end 1.7 1.8) (layer B.CrtYd) (width 0.05))
    (fp_line (start -10.65 -6.85) (end -10.65 1.8) (layer B.CrtYd) (width 0.05))
    (fp_line (start 1.7 -6.85) (end -10.65 -6.85) (layer B.CrtYd) (width 0.05))
    (fp_line (start 1.7 1.8) (end 1.7 -6.85) (layer B.CrtYd) (width 0.05))
    (fp_line (start -1.27 1.27) (end 0 1.27) (layer B.SilkS) (width 0.12))
    (fp_line (start -1.27 0) (end -1.27 1.27) (layer B.SilkS) (width 0.12))
    (fp_line (start -1.142929 -5.46) (end -1.54 -5.46) (layer B.SilkS) (width 0.12))
    (fp_line (start -1.142929 -4.7) (end -1.54 -4.7) (layer B.SilkS) (width 0.12))
    (fp_line (start -10.2 -5.46) (end -4.2 -5.46) (layer B.SilkS) (width 0.12))
    (fp_line (start -10.2 -4.7) (end -10.2 -5.46) (layer B.SilkS) (width 0.12))
    (fp_line (start -4.2 -4.7) (end -10.2 -4.7) (layer B.SilkS) (width 0.12))
    (fp_line (start -1.54 -3.81) (end -4.2 -3.81) (layer B.SilkS) (width 0.12))
    (fp_line (start -1.142929 -2.92) (end -1.54 -2.92) (layer B.SilkS) (width 0.12))
    (fp_line (start -1.142929 -2.16) (end -1.54 -2.16) (layer B.SilkS) (width 0.12))
    (fp_line (start -10.2 -2.92) (end -4.2 -2.92) (layer B.SilkS) (width 0.12))
    (fp_line (start -10.2 -2.16) (end -10.2 -2.92) (layer B.SilkS) (width 0.12))
    (fp_line (start -4.2 -2.16) (end -10.2 -2.16) (layer B.SilkS) (width 0.12))
    (fp_line (start -1.54 -1.27) (end -4.2 -1.27) (layer B.SilkS) (width 0.12))
    (fp_line (start -1.21 -0.38) (end -1.54 -0.38) (layer B.SilkS) (width 0.12))
    (fp_line (start -1.21 0.38) (end -1.54 0.38) (layer B.SilkS) (width 0.12))
    (fp_line (start -4.2 -0.28) (end -10.2 -0.28) (layer B.SilkS) (width 0.12))
    (fp_line (start -4.2 -0.16) (end -10.2 -0.16) (layer B.SilkS) (width 0.12))
    (fp_line (start -4.2 -0.04) (end -10.2 -0.04) (layer B.SilkS) (width 0.12))
    (fp_line (start -4.2 0.08) (end -10.2 0.08) (layer B.SilkS) (width 0.12))
    (fp_line (start -4.2 0.2) (end -10.2 0.2) (layer B.SilkS) (width 0.12))
    (fp_line (start -4.2 0.32) (end -10.2 0.32) (layer B.SilkS) (width 0.12))
    (fp_line (start -10.2 -0.38) (end -4.2 -0.38) (layer B.SilkS) (width 0.12))
    (fp_line (start -10.2 0.38) (end -10.2 -0.38) (layer B.SilkS) (width 0.12))
    (fp_line (start -4.2 0.38) (end -10.2 0.38) (layer B.SilkS) (width 0.12))
    (fp_line (start -4.2 1.33) (end -1.54 1.33) (layer B.SilkS) (width 0.12))
    (fp_line (start -4.2 -6.41) (end -4.2 1.33) (layer B.SilkS) (width 0.12))
    (fp_line (start -1.54 -6.41) (end -4.2 -6.41) (layer B.SilkS) (width 0.12))
    (fp_line (start -1.54 1.33) (end -1.54 -6.41) (layer B.SilkS) (width 0.12))
    (fp_line (start -4.14 -5.4) (end -10.14 -5.4) (layer B.Fab) (width 0.1))
    (fp_line (start -10.14 -4.76) (end -10.14 -5.4) (layer B.Fab) (width 0.1))
    (fp_line (start -4.14 -4.76) (end -10.14 -4.76) (layer B.Fab) (width 0.1))
    (fp_line (start 0.22 -5.4) (end -1.6 -5.4) (layer B.Fab) (width 0.1))
    (fp_line (start -0.32 -4.76) (end -0.32 -5.4) (layer B.Fab) (width 0.1))
    (fp_line (start 0.22 -4.76) (end -1.6 -4.76) (layer B.Fab) (width 0.1))
    (fp_line (start -4.14 -2.86) (end -10.14 -2.86) (layer B.Fab) (width 0.1))
    (fp_line (start -10.14 -2.22) (end -10.14 -2.86) (layer B.Fab) (width 0.1))
    (fp_line (start -4.14 -2.22) (end -10.14 -2.22) (layer B.Fab) (width 0.1))
    (fp_line (start 0.22 -2.86) (end -1.6 -2.86) (layer B.Fab) (width 0.1))
    (fp_line (start -0.32 -2.22) (end -0.32 -2.86) (layer B.Fab) (width 0.1))
    (fp_line (start 0.22 -2.22) (end -1.6 -2.22) (layer B.Fab) (width 0.1))
    (fp_line (start -4.14 -0.32) (end -10.14 -0.32) (layer B.Fab) (width 0.1))
    (fp_line (start -10.14 0.32) (end -10.14 -0.32) (layer B.Fab) (width 0.1))
    (fp_line (start -4.14 0.32) (end -10.14 0.32) (layer B.Fab) (width 0.1))
    (fp_line (start 0.22 -0.32) (end -1.6 -0.32) (layer B.Fab) (width 0.1))
    (fp_line (start -0.32 0.32) (end -0.32 -0.32) (layer B.Fab) (width 0.1))
    (fp_line (start 0.22 0.32) (end -1.6 0.32) (layer B.Fab) (width 0.1))
    (fp_line (start -1.6 0.635) (end -2.235 1.27) (layer B.Fab) (width 0.1))
    (fp_line (start -1.6 -6.35) (end -1.6 0.635) (layer B.Fab) (width 0.1))
    (fp_line (start -4.14 -6.35) (end -1.6 -6.35) (layer B.Fab) (width 0.1))
    (fp_line (start -4.14 1.27) (end -4.14 -6.35) (layer B.Fab) (width 0.1))
    (fp_line (start -2.235 1.27) (end -4.14 1.27) (layer B.Fab) (width 0.1))
    (fp_text user %R (at -2.87 -2.54 180) (layer B.Fab)
      (effects (font (size 1 1) (thickness 0.15)) (justify mirror))
    )
    (pad 1 thru_hole rect (at 0 0 90) (size 1.7 1.7) (drill 1) (layers *.Cu *.Mask)
      (net 1 +5V))
    (pad 2 thru_hole oval (at 0 -2.54 90) (size 1.7 1.7) (drill 1) (layers *.Cu *.Mask)
      (net 4 "Net-(J2-Pad2)"))
    (pad 3 thru_hole oval (at 0 -5.08 90) (size 1.7 1.7) (drill 1) (layers *.Cu *.Mask)
      (net 2 GND))
    (model ${KISYS3DMOD}/Connector_PinHeader_2.54mm.3dshapes/PinHeader_1x03_P2.54mm_Horizontal.wrl
      (offset (xyz 0 -5 0))
      (scale (xyz 1 1 1))
      (rotate (xyz 0 0 -180))
    )
  )

  (module Connector_PinHeader_2.54mm:PinHeader_1x02_P2.54mm_Horizontal (layer B.Cu) (tedit 59FED5CB) (tstamp 63BF14CB)
    (at 26.5 68.5 270)
    (descr "Through hole angled pin header, 1x02, 2.54mm pitch, 6mm pin length, single row")
    (tags "Through hole angled pin header THT 1x02 2.54mm single row")
    (path /63B638D6)
    (fp_text reference J1 (at 4.385 2.27 270) (layer B.SilkS)
      (effects (font (size 1 1) (thickness 0.15)) (justify mirror))
    )
    (fp_text value Conn_01x02_Female (at 4.385 -4.81 270) (layer B.Fab)
      (effects (font (size 1 1) (thickness 0.15)) (justify mirror))
    )
    (fp_line (start 10.55 1.8) (end -1.8 1.8) (layer B.CrtYd) (width 0.05))
    (fp_line (start 10.55 -4.35) (end 10.55 1.8) (layer B.CrtYd) (width 0.05))
    (fp_line (start -1.8 -4.35) (end 10.55 -4.35) (layer B.CrtYd) (width 0.05))
    (fp_line (start -1.8 1.8) (end -1.8 -4.35) (layer B.CrtYd) (width 0.05))
    (fp_line (start -1.27 1.27) (end 0 1.27) (layer B.SilkS) (width 0.12))
    (fp_line (start -1.27 0) (end -1.27 1.27) (layer B.SilkS) (width 0.12))
    (fp_line (start 1.042929 -2.92) (end 1.44 -2.92) (layer B.SilkS) (width 0.12))
    (fp_line (start 1.042929 -2.16) (end 1.44 -2.16) (layer B.SilkS) (width 0.12))
    (fp_line (start 10.1 -2.92) (end 4.1 -2.92) (layer B.SilkS) (width 0.12))
    (fp_line (start 10.1 -2.16) (end 10.1 -2.92) (layer B.SilkS) (width 0.12))
    (fp_line (start 4.1 -2.16) (end 10.1 -2.16) (layer B.SilkS) (width 0.12))
    (fp_line (start 1.44 -1.27) (end 4.1 -1.27) (layer B.SilkS) (width 0.12))
    (fp_line (start 1.11 -0.38) (end 1.44 -0.38) (layer B.SilkS) (width 0.12))
    (fp_line (start 1.11 0.38) (end 1.44 0.38) (layer B.SilkS) (width 0.12))
    (fp_line (start 4.1 -0.28) (end 10.1 -0.28) (layer B.SilkS) (width 0.12))
    (fp_line (start 4.1 -0.16) (end 10.1 -0.16) (layer B.SilkS) (width 0.12))
    (fp_line (start 4.1 -0.04) (end 10.1 -0.04) (layer B.SilkS) (width 0.12))
    (fp_line (start 4.1 0.08) (end 10.1 0.08) (layer B.SilkS) (width 0.12))
    (fp_line (start 4.1 0.2) (end 10.1 0.2) (layer B.SilkS) (width 0.12))
    (fp_line (start 4.1 0.32) (end 10.1 0.32) (layer B.SilkS) (width 0.12))
    (fp_line (start 10.1 -0.38) (end 4.1 -0.38) (layer B.SilkS) (width 0.12))
    (fp_line (start 10.1 0.38) (end 10.1 -0.38) (layer B.SilkS) (width 0.12))
    (fp_line (start 4.1 0.38) (end 10.1 0.38) (layer B.SilkS) (width 0.12))
    (fp_line (start 4.1 1.33) (end 1.44 1.33) (layer B.SilkS) (width 0.12))
    (fp_line (start 4.1 -3.87) (end 4.1 1.33) (layer B.SilkS) (width 0.12))
    (fp_line (start 1.44 -3.87) (end 4.1 -3.87) (layer B.SilkS) (width 0.12))
    (fp_line (start 1.44 1.33) (end 1.44 -3.87) (layer B.SilkS) (width 0.12))
    (fp_line (start 4.04 -2.86) (end 10.04 -2.86) (layer B.Fab) (width 0.1))
    (fp_line (start 10.04 -2.22) (end 10.04 -2.86) (layer B.Fab) (width 0.1))
    (fp_line (start 4.04 -2.22) (end 10.04 -2.22) (layer B.Fab) (width 0.1))
    (fp_line (start -0.32 -2.86) (end 1.5 -2.86) (layer B.Fab) (width 0.1))
    (fp_line (start -0.32 -2.22) (end -0.32 -2.86) (layer B.Fab) (width 0.1))
    (fp_line (start -0.32 -2.22) (end 1.5 -2.22) (layer B.Fab) (width 0.1))
    (fp_line (start 4.04 -0.32) (end 10.04 -0.32) (layer B.Fab) (width 0.1))
    (fp_line (start 10.04 0.32) (end 10.04 -0.32) (layer B.Fab) (width 0.1))
    (fp_line (start 4.04 0.32) (end 10.04 0.32) (layer B.Fab) (width 0.1))
    (fp_line (start -0.32 -0.32) (end 1.5 -0.32) (layer B.Fab) (width 0.1))
    (fp_line (start -0.32 0.32) (end -0.32 -0.32) (layer B.Fab) (width 0.1))
    (fp_line (start -0.32 0.32) (end 1.5 0.32) (layer B.Fab) (width 0.1))
    (fp_line (start 1.5 0.635) (end 2.135 1.27) (layer B.Fab) (width 0.1))
    (fp_line (start 1.5 -3.81) (end 1.5 0.635) (layer B.Fab) (width 0.1))
    (fp_line (start 4.04 -3.81) (end 1.5 -3.81) (layer B.Fab) (width 0.1))
    (fp_line (start 4.04 1.27) (end 4.04 -3.81) (layer B.Fab) (width 0.1))
    (fp_line (start 2.135 1.27) (end 4.04 1.27) (layer B.Fab) (width 0.1))
    (fp_text user %R (at 2.77 -1.27) (layer B.Fab)
      (effects (font (size 1 1) (thickness 0.15)) (justify mirror))
    )
    (pad 1 thru_hole rect (at 0 0 270) (size 1.7 1.7) (drill 1) (layers *.Cu *.Mask)
      (net 1 +5V))
    (pad 2 thru_hole oval (at 0 -2.54 270) (size 1.7 1.7) (drill 1) (layers *.Cu *.Mask)
      (net 2 GND))
    (model ${KISYS3DMOD}/Connector_PinHeader_2.54mm.3dshapes/PinHeader_1x02_P2.54mm_Horizontal.wrl
      (at (xyz 0 0 0))
      (scale (xyz 1 1 1))
      (rotate (xyz 0 0 0))
    )
  )

  (module Capacitor_SMD:C_0805_2012Metric (layer F.Cu) (tedit 5F68FEEE) (tstamp 63B547BA)
    (at 28.75 53.9 180)
    (descr "Capacitor SMD 0805 (2012 Metric), square (rectangular) end terminal, IPC_7351 nominal, (Body size source: IPC-SM-782 page 76, https://www.pcb-3d.com/wordpress/wp-content/uploads/ipc-sm-782a_amendment_1_and_2.pdf, https://docs.google.com/spreadsheets/d/1BsfQQcO9C6DZCsRaXUlFlo91Tg2WpOkGARC1WS5S8t0/edit?usp=sharing), generated with kicad-footprint-generator")
    (tags capacitor)
    (path /63B5360C)
    (attr smd)
    (fp_text reference C1 (at 0 -1.68) (layer F.SilkS)
      (effects (font (size 1 1) (thickness 0.15)))
    )
    (fp_text value 100 (at 0 1.68) (layer F.Fab)
      (effects (font (size 1 1) (thickness 0.15)))
    )
    (fp_line (start -1 0.625) (end -1 -0.625) (layer F.Fab) (width 0.1))
    (fp_line (start -1 -0.625) (end 1 -0.625) (layer F.Fab) (width 0.1))
    (fp_line (start 1 -0.625) (end 1 0.625) (layer F.Fab) (width 0.1))
    (fp_line (start 1 0.625) (end -1 0.625) (layer F.Fab) (width 0.1))
    (fp_line (start -0.261252 -0.735) (end 0.261252 -0.735) (layer F.SilkS) (width 0.12))
    (fp_line (start -0.261252 0.735) (end 0.261252 0.735) (layer F.SilkS) (width 0.12))
    (fp_line (start -1.7 0.98) (end -1.7 -0.98) (layer F.CrtYd) (width 0.05))
    (fp_line (start -1.7 -0.98) (end 1.7 -0.98) (layer F.CrtYd) (width 0.05))
    (fp_line (start 1.7 -0.98) (end 1.7 0.98) (layer F.CrtYd) (width 0.05))
    (fp_line (start 1.7 0.98) (end -1.7 0.98) (layer F.CrtYd) (width 0.05))
    (fp_text user %R (at 0 0 180) (layer F.Fab)
      (effects (font (size 0.5 0.5) (thickness 0.08)))
    )
    (pad 1 smd roundrect (at -0.95 0 180) (size 1 1.45) (layers F.Cu F.Paste F.Mask) (roundrect_rratio 0.25)
      (net 1 +5V))
    (pad 2 smd roundrect (at 0.95 0 180) (size 1 1.45) (layers F.Cu F.Paste F.Mask) (roundrect_rratio 0.25)
      (net 2 GND))
    (model ${KISYS3DMOD}/Capacitor_SMD.3dshapes/C_0805_2012Metric.wrl
      (at (xyz 0 0 0))
      (scale (xyz 1 1 1))
      (rotate (xyz 0 0 0))
    )
  )

  (module Capacitor_SMD:C_0805_2012Metric (layer F.Cu) (tedit 5F68FEEE) (tstamp 63B547CB)
    (at 35.433 54.4322 180)
    (descr "Capacitor SMD 0805 (2012 Metric), square (rectangular) end terminal, IPC_7351 nominal, (Body size source: IPC-SM-782 page 76, https://www.pcb-3d.com/wordpress/wp-content/uploads/ipc-sm-782a_amendment_1_and_2.pdf, https://docs.google.com/spreadsheets/d/1BsfQQcO9C6DZCsRaXUlFlo91Tg2WpOkGARC1WS5S8t0/edit?usp=sharing), generated with kicad-footprint-generator")
    (tags capacitor)
    (path /63B53F6E)
    (attr smd)
    (fp_text reference C2 (at 0 -1.68) (layer F.SilkS)
      (effects (font (size 1 1) (thickness 0.15)))
    )
    (fp_text value 100 (at 0 1.68) (layer F.Fab)
      (effects (font (size 1 1) (thickness 0.15)))
    )
    (fp_line (start 1.7 0.98) (end -1.7 0.98) (layer F.CrtYd) (width 0.05))
    (fp_line (start 1.7 -0.98) (end 1.7 0.98) (layer F.CrtYd) (width 0.05))
    (fp_line (start -1.7 -0.98) (end 1.7 -0.98) (layer F.CrtYd) (width 0.05))
    (fp_line (start -1.7 0.98) (end -1.7 -0.98) (layer F.CrtYd) (width 0.05))
    (fp_line (start -0.261252 0.735) (end 0.261252 0.735) (layer F.SilkS) (width 0.12))
    (fp_line (start -0.261252 -0.735) (end 0.261252 -0.735) (layer F.SilkS) (width 0.12))
    (fp_line (start 1 0.625) (end -1 0.625) (layer F.Fab) (width 0.1))
    (fp_line (start 1 -0.625) (end 1 0.625) (layer F.Fab) (width 0.1))
    (fp_line (start -1 -0.625) (end 1 -0.625) (layer F.Fab) (width 0.1))
    (fp_line (start -1 0.625) (end -1 -0.625) (layer F.Fab) (width 0.1))
    (fp_text user %R (at 0 0) (layer F.Fab)
      (effects (font (size 0.5 0.5) (thickness 0.08)))
    )
    (pad 2 smd roundrect (at 0.95 0 180) (size 1 1.45) (layers F.Cu F.Paste F.Mask) (roundrect_rratio 0.25)
      (net 2 GND))
    (pad 1 smd roundrect (at -0.95 0 180) (size 1 1.45) (layers F.Cu F.Paste F.Mask) (roundrect_rratio 0.25)
      (net 3 "Net-(C2-Pad1)"))
    (model ${KISYS3DMOD}/Capacitor_SMD.3dshapes/C_0805_2012Metric.wrl
      (at (xyz 0 0 0))
      (scale (xyz 1 1 1))
      (rotate (xyz 0 0 0))
    )
  )

  (module Capacitor_SMD:C_0805_2012Metric (layer F.Cu) (tedit 5F68FEEE) (tstamp 63B547DC)
    (at 22.25 49.95 270)
    (descr "Capacitor SMD 0805 (2012 Metric), square (rectangular) end terminal, IPC_7351 nominal, (Body size source: IPC-SM-782 page 76, https://www.pcb-3d.com/wordpress/wp-content/uploads/ipc-sm-782a_amendment_1_and_2.pdf, https://docs.google.com/spreadsheets/d/1BsfQQcO9C6DZCsRaXUlFlo91Tg2WpOkGARC1WS5S8t0/edit?usp=sharing), generated with kicad-footprint-generator")
    (tags capacitor)
    (path /63B5450B)
    (attr smd)
    (fp_text reference C3 (at 0 -1.68 90) (layer F.SilkS)
      (effects (font (size 1 1) (thickness 0.15)))
    )
    (fp_text value 100 (at 0 1.68 90) (layer F.Fab)
      (effects (font (size 1 1) (thickness 0.15)))
    )
    (fp_line (start -1 0.625) (end -1 -0.625) (layer F.Fab) (width 0.1))
    (fp_line (start -1 -0.625) (end 1 -0.625) (layer F.Fab) (width 0.1))
    (fp_line (start 1 -0.625) (end 1 0.625) (layer F.Fab) (width 0.1))
    (fp_line (start 1 0.625) (end -1 0.625) (layer F.Fab) (width 0.1))
    (fp_line (start -0.261252 -0.735) (end 0.261252 -0.735) (layer F.SilkS) (width 0.12))
    (fp_line (start -0.261252 0.735) (end 0.261252 0.735) (layer F.SilkS) (width 0.12))
    (fp_line (start -1.7 0.98) (end -1.7 -0.98) (layer F.CrtYd) (width 0.05))
    (fp_line (start -1.7 -0.98) (end 1.7 -0.98) (layer F.CrtYd) (width 0.05))
    (fp_line (start 1.7 -0.98) (end 1.7 0.98) (layer F.CrtYd) (width 0.05))
    (fp_line (start 1.7 0.98) (end -1.7 0.98) (layer F.CrtYd) (width 0.05))
    (fp_text user %R (at 0 0 90) (layer F.Fab)
      (effects (font (size 0.5 0.5) (thickness 0.08)))
    )
    (pad 1 smd roundrect (at -0.95 0 270) (size 1 1.45) (layers F.Cu F.Paste F.Mask) (roundrect_rratio 0.25)
      (net 3 "Net-(C2-Pad1)"))
    (pad 2 smd roundrect (at 0.95 0 270) (size 1 1.45) (layers F.Cu F.Paste F.Mask) (roundrect_rratio 0.25)
      (net 2 GND))
    (model ${KISYS3DMOD}/Capacitor_SMD.3dshapes/C_0805_2012Metric.wrl
      (at (xyz 0 0 0))
      (scale (xyz 1 1 1))
      (rotate (xyz 0 0 0))
    )
  )

  (module Package_TO_SOT_SMD:SOT-23 (layer F.Cu) (tedit 5A02FF57) (tstamp 63B5481E)
    (at 40.5 57.8 270)
    (descr "SOT-23, Standard")
    (tags SOT-23)
    (path /63B4DBC0)
    (attr smd)
    (fp_text reference Q1 (at 0 -2.5 90) (layer F.SilkS)
      (effects (font (size 1 1) (thickness 0.15)))
    )
    (fp_text value BSS138 (at 0 2.5 90) (layer F.Fab)
      (effects (font (size 1 1) (thickness 0.15)))
    )
    (fp_line (start -0.7 -0.95) (end -0.7 1.5) (layer F.Fab) (width 0.1))
    (fp_line (start -0.15 -1.52) (end 0.7 -1.52) (layer F.Fab) (width 0.1))
    (fp_line (start -0.7 -0.95) (end -0.15 -1.52) (layer F.Fab) (width 0.1))
    (fp_line (start 0.7 -1.52) (end 0.7 1.52) (layer F.Fab) (width 0.1))
    (fp_line (start -0.7 1.52) (end 0.7 1.52) (layer F.Fab) (width 0.1))
    (fp_line (start 0.76 1.58) (end 0.76 0.65) (layer F.SilkS) (width 0.12))
    (fp_line (start 0.76 -1.58) (end 0.76 -0.65) (layer F.SilkS) (width 0.12))
    (fp_line (start -1.7 -1.75) (end 1.7 -1.75) (layer F.CrtYd) (width 0.05))
    (fp_line (start 1.7 -1.75) (end 1.7 1.75) (layer F.CrtYd) (width 0.05))
    (fp_line (start 1.7 1.75) (end -1.7 1.75) (layer F.CrtYd) (width 0.05))
    (fp_line (start -1.7 1.75) (end -1.7 -1.75) (layer F.CrtYd) (width 0.05))
    (fp_line (start 0.76 -1.58) (end -1.4 -1.58) (layer F.SilkS) (width 0.12))
    (fp_line (start 0.76 1.58) (end -0.7 1.58) (layer F.SilkS) (width 0.12))
    (fp_text user %R (at 0 0) (layer F.Fab)
      (effects (font (size 0.5 0.5) (thickness 0.075)))
    )
    (pad 1 smd rect (at -1 -0.95 270) (size 0.9 0.8) (layers F.Cu F.Paste F.Mask)
      (net 3 "Net-(C2-Pad1)"))
    (pad 2 smd rect (at -1 0.95 270) (size 0.9 0.8) (layers F.Cu F.Paste F.Mask)
      (net 5 "Net-(Q1-Pad2)"))
    (pad 3 smd rect (at 1 0 270) (size 0.9 0.8) (layers F.Cu F.Paste F.Mask)
      (net 4 "Net-(J2-Pad2)"))
    (model ${KISYS3DMOD}/Package_TO_SOT_SMD.3dshapes/SOT-23.wrl
      (at (xyz 0 0 0))
      (scale (xyz 1 1 1))
      (rotate (xyz 0 0 0))
    )
  )

  (module Resistor_SMD:R_0805_2012Metric (layer F.Cu) (tedit 5F68FEEE) (tstamp 63B5482F)
    (at 22.9 39.9875 90)
    (descr "Resistor SMD 0805 (2012 Metric), square (rectangular) end terminal, IPC_7351 nominal, (Body size source: IPC-SM-782 page 72, https://www.pcb-3d.com/wordpress/wp-content/uploads/ipc-sm-782a_amendment_1_and_2.pdf), generated with kicad-footprint-generator")
    (tags resistor)
    (path /63B5241C)
    (attr smd)
    (fp_text reference R1 (at 0 -1.65 90) (layer F.SilkS)
      (effects (font (size 1 1) (thickness 0.15)))
    )
    (fp_text value 4k7 (at 0 1.65 90) (layer F.Fab)
      (effects (font (size 1 1) (thickness 0.15)))
    )
    (fp_line (start -1 0.625) (end -1 -0.625) (layer F.Fab) (width 0.1))
    (fp_line (start -1 -0.625) (end 1 -0.625) (layer F.Fab) (width 0.1))
    (fp_line (start 1 -0.625) (end 1 0.625) (layer F.Fab) (width 0.1))
    (fp_line (start 1 0.625) (end -1 0.625) (layer F.Fab) (width 0.1))
    (fp_line (start -0.227064 -0.735) (end 0.227064 -0.735) (layer F.SilkS) (width 0.12))
    (fp_line (start -0.227064 0.735) (end 0.227064 0.735) (layer F.SilkS) (width 0.12))
    (fp_line (start -1.68 0.95) (end -1.68 -0.95) (layer F.CrtYd) (width 0.05))
    (fp_line (start -1.68 -0.95) (end 1.68 -0.95) (layer F.CrtYd) (width 0.05))
    (fp_line (start 1.68 -0.95) (end 1.68 0.95) (layer F.CrtYd) (width 0.05))
    (fp_line (start 1.68 0.95) (end -1.68 0.95) (layer F.CrtYd) (width 0.05))
    (fp_text user %R (at 0 0 90) (layer F.Fab)
      (effects (font (size 0.5 0.5) (thickness 0.08)))
    )
    (pad 1 smd roundrect (at -0.9125 0 90) (size 1.025 1.4) (layers F.Cu F.Paste F.Mask) (roundrect_rratio 0.243902)
      (net 3 "Net-(C2-Pad1)"))
    (pad 2 smd roundrect (at 0.9125 0 90) (size 1.025 1.4) (layers F.Cu F.Paste F.Mask) (roundrect_rratio 0.243902)
      (net 6 "Net-(R1-Pad2)"))
    (model ${KISYS3DMOD}/Resistor_SMD.3dshapes/R_0805_2012Metric.wrl
      (at (xyz 0 0 0))
      (scale (xyz 1 1 1))
      (rotate (xyz 0 0 0))
    )
  )

  (module Resistor_SMD:R_0805_2012Metric (layer F.Cu) (tedit 5F68FEEE) (tstamp 63B54840)
    (at 22.9 35.9875 90)
    (descr "Resistor SMD 0805 (2012 Metric), square (rectangular) end terminal, IPC_7351 nominal, (Body size source: IPC-SM-782 page 72, https://www.pcb-3d.com/wordpress/wp-content/uploads/ipc-sm-782a_amendment_1_and_2.pdf), generated with kicad-footprint-generator")
    (tags resistor)
    (path /63B515F8)
    (attr smd)
    (fp_text reference R2 (at 0 -1.65 90) (layer F.SilkS)
      (effects (font (size 1 1) (thickness 0.15)))
    )
    (fp_text value 4k7 (at 0 1.65 90) (layer F.Fab)
      (effects (font (size 1 1) (thickness 0.15)))
    )
    (fp_line (start 1.68 0.95) (end -1.68 0.95) (layer F.CrtYd) (width 0.05))
    (fp_line (start 1.68 -0.95) (end 1.68 0.95) (layer F.CrtYd) (width 0.05))
    (fp_line (start -1.68 -0.95) (end 1.68 -0.95) (layer F.CrtYd) (width 0.05))
    (fp_line (start -1.68 0.95) (end -1.68 -0.95) (layer F.CrtYd) (width 0.05))
    (fp_line (start -0.227064 0.735) (end 0.227064 0.735) (layer F.SilkS) (width 0.12))
    (fp_line (start -0.227064 -0.735) (end 0.227064 -0.735) (layer F.SilkS) (width 0.12))
    (fp_line (start 1 0.625) (end -1 0.625) (layer F.Fab) (width 0.1))
    (fp_line (start 1 -0.625) (end 1 0.625) (layer F.Fab) (width 0.1))
    (fp_line (start -1 -0.625) (end 1 -0.625) (layer F.Fab) (width 0.1))
    (fp_line (start -1 0.625) (end -1 -0.625) (layer F.Fab) (width 0.1))
    (fp_text user %R (at 0 0 90) (layer F.Fab)
      (effects (font (size 0.5 0.5) (thickness 0.08)))
    )
    (pad 2 smd roundrect (at 0.9125 0 90) (size 1.025 1.4) (layers F.Cu F.Paste F.Mask) (roundrect_rratio 0.243902)
      (net 7 "Net-(R2-Pad2)"))
    (pad 1 smd roundrect (at -0.9125 0 90) (size 1.025 1.4) (layers F.Cu F.Paste F.Mask) (roundrect_rratio 0.243902)
      (net 3 "Net-(C2-Pad1)"))
    (model ${KISYS3DMOD}/Resistor_SMD.3dshapes/R_0805_2012Metric.wrl
      (at (xyz 0 0 0))
      (scale (xyz 1 1 1))
      (rotate (xyz 0 0 0))
    )
  )

  (module Resistor_SMD:R_0805_2012Metric (layer F.Cu) (tedit 5F68FEEE) (tstamp 63B57215)
    (at 44 48.0125 270)
    (descr "Resistor SMD 0805 (2012 Metric), square (rectangular) end terminal, IPC_7351 nominal, (Body size source: IPC-SM-782 page 72, https://www.pcb-3d.com/wordpress/wp-content/uploads/ipc-sm-782a_amendment_1_and_2.pdf), generated with kicad-footprint-generator")
    (tags resistor)
    (path /63B50F76)
    (attr smd)
    (fp_text reference R3 (at 0 -1.65 90) (layer F.SilkS)
      (effects (font (size 1 1) (thickness 0.15)))
    )
    (fp_text value 4k7 (at 0 1.65 90) (layer F.Fab)
      (effects (font (size 1 1) (thickness 0.15)))
    )
    (fp_line (start -1 0.625) (end -1 -0.625) (layer F.Fab) (width 0.1))
    (fp_line (start -1 -0.625) (end 1 -0.625) (layer F.Fab) (width 0.1))
    (fp_line (start 1 -0.625) (end 1 0.625) (layer F.Fab) (width 0.1))
    (fp_line (start 1 0.625) (end -1 0.625) (layer F.Fab) (width 0.1))
    (fp_line (start -0.227064 -0.735) (end 0.227064 -0.735) (layer F.SilkS) (width 0.12))
    (fp_line (start -0.227064 0.735) (end 0.227064 0.735) (layer F.SilkS) (width 0.12))
    (fp_line (start -1.68 0.95) (end -1.68 -0.95) (layer F.CrtYd) (width 0.05))
    (fp_line (start -1.68 -0.95) (end 1.68 -0.95) (layer F.CrtYd) (width 0.05))
    (fp_line (start 1.68 -0.95) (end 1.68 0.95) (layer F.CrtYd) (width 0.05))
    (fp_line (start 1.68 0.95) (end -1.68 0.95) (layer F.CrtYd) (width 0.05))
    (fp_text user %R (at 0 0 90) (layer F.Fab)
      (effects (font (size 0.5 0.5) (thickness 0.08)))
    )
    (pad 1 smd roundrect (at -0.9125 0 270) (size 1.025 1.4) (layers F.Cu F.Paste F.Mask) (roundrect_rratio 0.243902)
      (net 8 "Net-(R3-Pad1)"))
    (pad 2 smd roundrect (at 0.9125 0 270) (size 1.025 1.4) (layers F.Cu F.Paste F.Mask) (roundrect_rratio 0.243902)
      (net 2 GND))
    (model ${KISYS3DMOD}/Resistor_SMD.3dshapes/R_0805_2012Metric.wrl
      (at (xyz 0 0 0))
      (scale (xyz 1 1 1))
      (rotate (xyz 0 0 0))
    )
  )

  (module Resistor_SMD:R_0805_2012Metric (layer F.Cu) (tedit 5F68FEEE) (tstamp 63B54862)
    (at 40.5 54.9 180)
    (descr "Resistor SMD 0805 (2012 Metric), square (rectangular) end terminal, IPC_7351 nominal, (Body size source: IPC-SM-782 page 72, https://www.pcb-3d.com/wordpress/wp-content/uploads/ipc-sm-782a_amendment_1_and_2.pdf), generated with kicad-footprint-generator")
    (tags resistor)
    (path /63B52F7E)
    (attr smd)
    (fp_text reference R4 (at 0 -1.65) (layer F.SilkS)
      (effects (font (size 1 1) (thickness 0.15)))
    )
    (fp_text value 10k (at 0 1.65) (layer F.Fab)
      (effects (font (size 1 1) (thickness 0.15)))
    )
    (fp_line (start -1 0.625) (end -1 -0.625) (layer F.Fab) (width 0.1))
    (fp_line (start -1 -0.625) (end 1 -0.625) (layer F.Fab) (width 0.1))
    (fp_line (start 1 -0.625) (end 1 0.625) (layer F.Fab) (width 0.1))
    (fp_line (start 1 0.625) (end -1 0.625) (layer F.Fab) (width 0.1))
    (fp_line (start -0.227064 -0.735) (end 0.227064 -0.735) (layer F.SilkS) (width 0.12))
    (fp_line (start -0.227064 0.735) (end 0.227064 0.735) (layer F.SilkS) (width 0.12))
    (fp_line (start -1.68 0.95) (end -1.68 -0.95) (layer F.CrtYd) (width 0.05))
    (fp_line (start -1.68 -0.95) (end 1.68 -0.95) (layer F.CrtYd) (width 0.05))
    (fp_line (start 1.68 -0.95) (end 1.68 0.95) (layer F.CrtYd) (width 0.05))
    (fp_line (start 1.68 0.95) (end -1.68 0.95) (layer F.CrtYd) (width 0.05))
    (fp_text user %R (at 0 0) (layer F.Fab)
      (effects (font (size 0.5 0.5) (thickness 0.08)))
    )
    (pad 1 smd roundrect (at -0.9125 0 180) (size 1.025 1.4) (layers F.Cu F.Paste F.Mask) (roundrect_rratio 0.243902)
      (net 3 "Net-(C2-Pad1)"))
    (pad 2 smd roundrect (at 0.9125 0 180) (size 1.025 1.4) (layers F.Cu F.Paste F.Mask) (roundrect_rratio 0.243902)
      (net 5 "Net-(Q1-Pad2)"))
    (model ${KISYS3DMOD}/Resistor_SMD.3dshapes/R_0805_2012Metric.wrl
      (at (xyz 0 0 0))
      (scale (xyz 1 1 1))
      (rotate (xyz 0 0 0))
    )
  )

  (module Resistor_SMD:R_0805_2012Metric (layer F.Cu) (tedit 5F68FEEE) (tstamp 63B54873)
    (at 40.5 61.5 180)
    (descr "Resistor SMD 0805 (2012 Metric), square (rectangular) end terminal, IPC_7351 nominal, (Body size source: IPC-SM-782 page 72, https://www.pcb-3d.com/wordpress/wp-content/uploads/ipc-sm-782a_amendment_1_and_2.pdf), generated with kicad-footprint-generator")
    (tags resistor)
    (path /63B5278A)
    (attr smd)
    (fp_text reference R5 (at 0 -1.65) (layer F.SilkS)
      (effects (font (size 1 1) (thickness 0.15)))
    )
    (fp_text value 10k (at 0 1.65) (layer F.Fab)
      (effects (font (size 1 1) (thickness 0.15)))
    )
    (fp_line (start 1.68 0.95) (end -1.68 0.95) (layer F.CrtYd) (width 0.05))
    (fp_line (start 1.68 -0.95) (end 1.68 0.95) (layer F.CrtYd) (width 0.05))
    (fp_line (start -1.68 -0.95) (end 1.68 -0.95) (layer F.CrtYd) (width 0.05))
    (fp_line (start -1.68 0.95) (end -1.68 -0.95) (layer F.CrtYd) (width 0.05))
    (fp_line (start -0.227064 0.735) (end 0.227064 0.735) (layer F.SilkS) (width 0.12))
    (fp_line (start -0.227064 -0.735) (end 0.227064 -0.735) (layer F.SilkS) (width 0.12))
    (fp_line (start 1 0.625) (end -1 0.625) (layer F.Fab) (width 0.1))
    (fp_line (start 1 -0.625) (end 1 0.625) (layer F.Fab) (width 0.1))
    (fp_line (start -1 -0.625) (end 1 -0.625) (layer F.Fab) (width 0.1))
    (fp_line (start -1 0.625) (end -1 -0.625) (layer F.Fab) (width 0.1))
    (fp_text user %R (at 0 0) (layer F.Fab)
      (effects (font (size 0.5 0.5) (thickness 0.08)))
    )
    (pad 2 smd roundrect (at 0.9125 0 180) (size 1.025 1.4) (layers F.Cu F.Paste F.Mask) (roundrect_rratio 0.243902)
      (net 4 "Net-(J2-Pad2)"))
    (pad 1 smd roundrect (at -0.9125 0 180) (size 1.025 1.4) (layers F.Cu F.Paste F.Mask) (roundrect_rratio 0.243902)
      (net 1 +5V))
    (model ${KISYS3DMOD}/Resistor_SMD.3dshapes/R_0805_2012Metric.wrl
      (at (xyz 0 0 0))
      (scale (xyz 1 1 1))
      (rotate (xyz 0 0 0))
    )
  )

  (module Package_TO_SOT_SMD:SOT-223-3_TabPin2 (layer F.Cu) (tedit 5A02FF57) (tstamp 63B54889)
    (at 31.65 59.6)
    (descr "module CMS SOT223 4 pins")
    (tags "CMS SOT")
    (path /63B4C767)
    (attr smd)
    (fp_text reference U1 (at 0 -4.5) (layer F.SilkS)
      (effects (font (size 1 1) (thickness 0.15)))
    )
    (fp_text value AMS1117-3.3 (at 0 4.5) (layer F.Fab)
      (effects (font (size 1 1) (thickness 0.15)))
    )
    (fp_line (start 1.91 3.41) (end 1.91 2.15) (layer F.SilkS) (width 0.12))
    (fp_line (start 1.91 -3.41) (end 1.91 -2.15) (layer F.SilkS) (width 0.12))
    (fp_line (start 4.4 -3.6) (end -4.4 -3.6) (layer F.CrtYd) (width 0.05))
    (fp_line (start 4.4 3.6) (end 4.4 -3.6) (layer F.CrtYd) (width 0.05))
    (fp_line (start -4.4 3.6) (end 4.4 3.6) (layer F.CrtYd) (width 0.05))
    (fp_line (start -4.4 -3.6) (end -4.4 3.6) (layer F.CrtYd) (width 0.05))
    (fp_line (start -1.85 -2.35) (end -0.85 -3.35) (layer F.Fab) (width 0.1))
    (fp_line (start -1.85 -2.35) (end -1.85 3.35) (layer F.Fab) (width 0.1))
    (fp_line (start -1.85 3.41) (end 1.91 3.41) (layer F.SilkS) (width 0.12))
    (fp_line (start -0.85 -3.35) (end 1.85 -3.35) (layer F.Fab) (width 0.1))
    (fp_line (start -4.1 -3.41) (end 1.91 -3.41) (layer F.SilkS) (width 0.12))
    (fp_line (start -1.85 3.35) (end 1.85 3.35) (layer F.Fab) (width 0.1))
    (fp_line (start 1.85 -3.35) (end 1.85 3.35) (layer F.Fab) (width 0.1))
    (fp_text user %R (at 0 0 90) (layer F.Fab)
      (effects (font (size 0.8 0.8) (thickness 0.12)))
    )
    (pad 2 smd rect (at 3.15 0) (size 2 3.8) (layers F.Cu F.Paste F.Mask)
      (net 3 "Net-(C2-Pad1)"))
    (pad 2 smd rect (at -3.15 0) (size 2 1.5) (layers F.Cu F.Paste F.Mask)
      (net 3 "Net-(C2-Pad1)"))
    (pad 3 smd rect (at -3.15 2.3) (size 2 1.5) (layers F.Cu F.Paste F.Mask)
      (net 1 +5V))
    (pad 1 smd rect (at -3.15 -2.3) (size 2 1.5) (layers F.Cu F.Paste F.Mask)
      (net 2 GND))
    (model ${KISYS3DMOD}/Package_TO_SOT_SMD.3dshapes/SOT-223.wrl
      (at (xyz 0 0 0))
      (scale (xyz 1 1 1))
      (rotate (xyz 0 0 0))
    )
  )

  (gr_line (start 46 72.5) (end 46 68) (layer Edge.Cuts) (width 0.05) (tstamp 63B57CC3))
  (gr_line (start 20 72.5) (end 46 72.5) (layer Edge.Cuts) (width 0.05))
  (gr_line (start 20 68) (end 20 72.5) (layer Edge.Cuts) (width 0.05))
  (gr_line (start 20 32) (end 46 32) (layer Edge.Cuts) (width 0.05) (tstamp 63B564BC))
  (gr_line (start 46 32) (end 46 68) (layer Edge.Cuts) (width 0.05))
  (gr_line (start 20 68) (end 20 32) (layer Edge.Cuts) (width 0.05) (tstamp 63B56463))

  (segment (start 29.7 53.9) (end 31.2166 55.4166) (width 0.4) (layer F.Cu) (net 1))
  (segment (start 29.9 61.9) (end 28.5 61.9) (width 0.4) (layer F.Cu) (net 1))
  (segment (start 31.2166 60.5834) (end 29.9 61.9) (width 0.4) (layer F.Cu) (net 1))
  (segment (start 31.2166 55.4166) (end 31.2166 60.5834) (width 0.4) (layer F.Cu) (net 1))
  (segment (start 26.5 63.9) (end 28.5 61.9) (width 0.4) (layer F.Cu) (net 1))
  (segment (start 26.5 68.5) (end 26.5 63.9) (width 0.4) (layer F.Cu) (net 1))
  (segment (start 41.4125 67.9125) (end 42 68.5) (width 0.4) (layer F.Cu) (net 1))
  (segment (start 41.4125 61.5) (end 41.4125 67.9125) (width 0.4) (layer F.Cu) (net 1))
  (segment (start 26.5 68.5) (end 26.5 69) (width 0.8) (layer F.Cu) (net 1))
  (segment (start 26.5 69) (end 29 71.5) (width 0.8) (layer F.Cu) (net 1))
